REPNAM 5.500 21 101.76662162162167 0.28544588335672094 55
NGERIA 6.375 23 103.80673913043479 0.46831359963089314 46
SISETI 4.250 20 98.8125 0.6931585316505886 4
OMAN 5.625 28 94.41059701492537 0.545235141926022 67
LEBAN 6.000 19 99.71741379310343 0.3191803097852044 58
LEBAN 8.250 21 94.66280991735536 0.9228237505679998 60
PKSTAN 8.250 24 107.55833333333334 0.623108248131004 15
JORDAN 7.375 47 99.75669642857143 1.2406596664050897 56
SENEGL 6.750 48 92.18165137614679 1.037758491076252 54
ANGOL 8.250 28 104.47950980392157 0.9684841374094294 51
KSA 2.894 22 99.47540322580645 0.2143798226902223 62
NGERIA 8.474 31 109.375 0.375 1
PTABNK 5.375 22 102.03391304347825 0.25643439928023554 46
GHANA 7.875 23 104.92847826086957 0.6141235090028883 46
TURKEY 5.200 26 99.25459090909092 1.8621003087689332 110
TLWLN 7.000 25 100.43028846153847 0.39182378479158364 52
SOAF 6.250 41 104.100206185567 0.7202891449500483 97
BTUN 5.750 25 88.53690476190476 0.8527155169424717 42
QATAR 5.750 42 119.84277777777778 0.7684939978238985 54
OCPMR 5.625 24 105.23757575757577 0.3365514081405628 33
AZERBJ 5.125 29 99.25018518518517 0.5123095517531938 27
DIAMBK 8.750 19 98.98936170212765 0.9946097369049023 47
RUSSIA 7.500 30 111.60396039603961 0.4704307678526343 101
ZENITH 6.250 19 100.25 0.25 46
TURKSK 5.800 22 98.6582119205298 0.7969989954813609 151
TURKTI 4.875 24 90.0625 1.4724023736737184 4
KCHOL 3.500 20 97.9375 0.8172935519138763 4
RUSSIA 4.500 22 102.9681188118812 0.26113693866479665 101
AFREXI 4.000 21 100.9141304347826 0.2870129226522319 46
LEBAN 6.150 20 95.59068965517238 0.6930215254381139 58
EMDEBK 3.516 24 100.6194642857143 0.27532720561735485 56
NGERIA 6.750 21 103.43086956521742 0.3308015698858474 46
OTELOM 5.625 23 99.64453703703704 0.287597436819759 27
DPWDU 3.250 20 99.92330357142859 0.20477508739057107 56
BELRUS 6.875 23 105.26163793103449 0.3870215488198189 29
IVYCST 5.250 30 96.16578947368423 0.6397443221974958 47
GRAIL 7.750 22 107.34759615384615 0.3664558562782035 26
KAZAKS 5.125 25 109.03249999999998 0.3676284733864396 27
OSCHAD 9.625 25 100.69565217391305 0.5320260788553797 46
SABIC 4.000 23 102.31655737704918 0.4176255489872366 61
DPWDU 6.850 37 120.72589285714285 0.6411841076859126 56
TNZNIA Float 20 102.25 0.5 4
PKSTAN 7.875 36 98.1 0.7190850668268207 15
KSA 2.875 23 99.11322580645164 0.29531707505306437 62
TAQAUH 4.875 30 106.06754716981132 0.5364326811072518 53
SOAF 5.875 25 105.58278350515462 0.5228396735749897 97
ACKAF 5.000 23 93.8125 1.109264959331178 4
RAKS 3.094 25 96.79508928571428 0.33147666243997936 56
MUBAUH 2.750 23 98.06624999999998 0.270182230170675 56
TURKEY 8.000 34 101.15940397350994 1.88681175138109 151
SOAF 4.665 24 100.95649484536084 0.4934551886132181 97
GEORG 6.875 21 105.83798076923075 0.3185050108520582 26
SECO 4.211 22 102.89901639344262 0.2685431547456817 61
SOAF 5.375 44 92.890412371134 1.014397304711383 97
OMAN 3.625 21 97.45757462686568 0.2618089589719864 67
TURKEY 6.625 45 86.83062913907284 1.8382773216978978 151
TURKEY 7.375 25 100.98238410596026 1.7610480806976387 151
QATAR 3.241 23 100.64953703703705 0.27993181795275096 54
EGYPT 6.200 24 101.4964705882353 0.31076821183623216 68
AFREXI 4.750 19 100.48913043478261 0.1254873298117791 46
MUBAUH 3.250 22 100.11240740740739 0.26632572082838724 54
QATAR 3.375 24 101.03703703703704 0.17179477021348025 54
EGYPT 6.875 40 92.60507352941175 0.7802287997039995 68
EGYPT 7.500 27 105.24518382352942 0.4652582332015753 68
LEBAN 6.650 24 85.36811965811964 0.9171927922528428 58
MHPSA 8.250 20 102.75 0.5 9
NGERIA 5.625 22 101.5625 0.4701702397513334 46
QTELQD 3.250 23 99.41396226415095 0.33151362203516316 53
LEBAN 6.200 25 82.85103448275864 0.9105032516277649 58
KAZAKS 6.500 45 128.14685185185186 0.5081277328260491 27
SHARSK 24.000 100.50 101.0 0.0 0
LEBAN 7.050 35 78.03431034482759 1.1162469632641476 58
KSA 4.625 47 99.20596774193548 0.9050226510753298 62
IVYCST 6.125 33 92.40956521739129 0.7087771358864413 46
TURKEY 7.625 29 99.22049668874172 1.6795584660015594 151
AFREXI Float 21 98.625 0.125 4
LEBAN 6.850 29 78.75500000000001 1.002598778347964 58
IVYCST 5.125 25 102.42000000000002 0.505951535744027 46
KZOKZ 3.875 22 100.95089285714286 0.2719819898561701 28
SECO 4.723 28 104.35836065573771 0.5084005144000083 61
IRAQ 6.752 23 101.97070512820513 0.49629700859760567 39
PUMAFN 5.125 24 90.88461538461539 0.5447775182390499 52
DUGB 5.250 43 105.078125 0.7136369766029497 56
QATAR 6.400 40 127.15577981651376 2.8154346197893187 54
MHPSA 6.950 26 94.91460396039604 0.44287912838668847 50
KSA 4.500 30 105.14209677419355 0.4867208814517891 62
TURKEY 7.250 23 101.27377483443706 1.416323821674801 151
ANGOL 9.375 48 108.00344036697248 1.3709015143474867 54
KSA 4.303 29 103.85717741935481 0.4276917801933452 62
GEOCAP 6.125 24 94.31942307692307 0.5485914251746451 26
SEYCHE 8.000 26 101.5 1.0 46
RWANDA 6.625 23 103.38717391304348 0.2723860993985517 46
EXIMUK 16.500 21UAH 92.4054054054054 1.1365419210698566 37
TAQAUH 4.375 25 102.89000000000001 0.37918615857800364 56
AFREXI 0.000 21 98.625 0.125 42
TAQAUH 6.500 36 125.65785714285713 0.7564100227052654 56
KZOKZ 5.750 47 104.02580357142857 0.57365664256476 28
ERESQD 4.375 21 88.64867924528302 1.1499409955918725 53
SECO 4.222 24 102.8532786885246 0.4122160078002846 61
OMAN 5.375 27 93.79268656716418 0.5118118447695639 67
LEBAN 6.600 26 81.28758620689656 1.0742235533483586 58
TURKEY 6.125 28 91.30549668874173 1.5630938876614748 151
EGYPT 6.588 28 98.43511029411764 0.40329181656189866 68
OTELOM 6.625 28 97.79999999999998 0.3616180202818896 27
BOAD 5.000 27 99.9836956521739 0.2728780480572433 46
RUSSIA 12.750 28 161.39727722772278 0.4578825699863076 101
SOAF 5.000 46 89.06432989690724 0.8248897548538683 97
SHARSK 3.764 24 100.79321428571428 0.2724302475789319 56
QTELQD 7.875 19 100.99952830188678 0.20109784568370145 53
OCPMR 4.500 25 99.24939393939393 0.3448940495540837 33
UZBEK 4.750 24 100.04267857142857 0.5245678189554467 28
TURKEY 5.875 19 100.03232758620688 0.3898913592241075 116
TURKEY 11.875 30 129.58758389261746 2.3068347968319665 149
TURKEY 5.750 24 95.23182119205298 1.4225360926581567 151
SOAFSK 3.903 20 100.08025773195877 0.36526707580484086 97
TURKEY 3.250 25 90.90380794701987 1.4300753938131463 151
IVYCST 5.375 24 98.32860360360361 0.43720661780636466 55
MHPSA 7.750 24 101.85376237623763 0.4947793817493353 50
TURKEY 7.500 19 101.0311744966443 0.6539731151375662 149
KSA 3.625 28 99.34362903225806 0.461353783983439 62
LEBAN 6.375 20 95.92971074380165 9.72836039580725 60
MOROC 3.500 24 112.17477272727272 0.33932356041120704 33
TURKEY 4.350 21 102.34341059602649 1.1493565534854893 151
KZOKZ 4.750 27 102.59044642857144 0.39805921668420824 28
LEBAN 6.400 23 86.43206896551723 0.8775863423887168 58
AZERBJ 3.500 32 87.70592592592592 0.5768722129454557 27
OMGRID 5.196 27 90.54277777777773 0.3921435237382812 27
IRAQ 5.800 28 96.858141025641 0.5889414172328875 39
BTUN 8.250 27 96.24560344827586 1.0081743818040803 29
RUSSIA 4.375 29 99.14480198019803 0.38062118377808796 101
EGYPT 8.500 47 102.9001838235294 0.7598622185692022 68
LEBAN 7.250 37 78.43655172413794 1.1966613782608533 58
EAPART 6.875 20 51.651785714285715 1.315836381414141 56
OSCHAD 9.375 23 101.44836956521739 0.33284438580315656 46
KSA 5.000 49 104.14435483870967 1.0986356949501153 62
LEBAN 5.800 20 95.97620689655176 0.707118552188379 58
EQPTRC 4.250 26 101.26618181818183 0.4093941906106939 55
EXIMUK 0.000 23 94.83333333333333 0.5137011669140814 9
SOAF 6.300 48 101.59664948453609 1.0104289233279462 97
KAZAKS 1.550 23 103.20592592592594 0.30551576620842474 27
ESKOM 6.750 23 99.4522340425532 0.6185667274336005 94
TLWLN 6.250 22 100.7548076923077 0.26850003856621546 52
KSA 3.628 27 99.70620967741935 0.34515913286935046 62
NGERIA 6.500 27 99.18932038834951 0.655588762492651 51
DPWDU 4.848 28 104.63194690265486 0.5681624758381923 56
ACCESS 9.250 21 101.12234042553192 0.378520146269302 47
GEOROG 6.750 21 103.36461538461539 0.5009537501240141 26
TUPRST 4.500 24 89.25 0.9354143466934853 7
PKSTAN 7.250 19 100.06666666666666 0.2576604138956718 15
ADGB 2.125 21 98.8875 0.15763033156271308 56
QATAR 2.375 21 98.72787037037038 0.16804458692906277 54
SABIC 4.500 28 104.01934426229509 0.683772967912162 61
BOAD 5.500 21 103.20260869565213 0.2747602495030807 46
EGYPT 5.750 20 101.3141544117647 0.2340158955975024 68
NGERIA 9.248 49 111.26132653061224 1.1934978072148839 49
BTUN 4.500 20 100.37780487804878 0.3898648120612086 41
RUSSIA 4.750 26 103.1619801980198 0.32283251275398167 101
TURKEY 7.000 20 101.31026490066226 0.7550825111878908 151
SECO 5.060 43 101.62672131147541 1.0634042479056847 61
HLSTWR 9.125 22 104.5372340425532 0.5811276716488366 47
SHARSK 24.000 100.63 101.13 0.0 0
TURKSK 5.004 23 95.13194630872484 1.0873412421972322 149
TURKEY 6.750 40 88.85364238410595 1.7020713845014515 151
KZOKZ 5.375 30 104.81455357142856 0.40238937786156403 28
SENEGL 6.250 33 95.82286407766993 0.9251120640439641 51
RUSSIA 5.000 20 101.88935643564358 0.2190937266843676 101
ARMEN 7.150 25 111.05714285714286 0.5090132761590042 28
EGYPT 5.625 30 96.52860294117647 0.5422260392478477 68
TURKEY 4.125 23 100.05794701986756 1.2534964703446974 151
ANGOL 9.500 25 113.6081308411215 0.6405581398625357 53
MRIYA 10.950 16 4.5 2.5 9
QATAR 4.500 28 106.86212962962962 0.4365246820180666 54
QATAR 4.000 29 102.95749999999998 0.47583673865292336 54
JORDAN 5.750 27 98.69642857142857 0.7025779788226584 56
OMAN 4.125 23 96.0840671641791 0.3258909532334714 67
MUBAUH 3.750 29 100.34071428571428 0.3666297136604937 56
LEBAN 5.450 19 98.02155172413794 0.44246488940829654 58
KWIPKK 4.500 27 96.66618181818181 0.6235484698200104 55
KUWAIE 9.500 19 98.59545454545454 1.0834403422462224 55
TAQAUH 3.625 23 101.06392857142858 0.2743542976011945 56
SOAF 3.750 26 106.83134020618556 0.5724817178298729 97
NGERIA 7.625 47 97.41915094339622 1.1398523720404679 53
SOAF 4.850 27 97.6148969072165 0.5514435037476516 97
TURKEY 6.875 36 91.19278145695364 1.7695736602339853 151
BATELC 4.250 20 99.625 0.375 19
OMAN 6.750 48 89.55738805970148 0.8825758849488523 67
IVYCST 6.375 28 97.82009090909088 0.597764008549658 55
SOAF 6.875 19 100.59664948453609 0.1861620257177111 97
ADGB 2.500 22 99.05803571428571 0.22177385233979344 56
TAQAUH 3.625 21 100.93642857142858 0.2558838224902949 56
ZENITH 7.375 22 103.51173913043476 0.2687111294262008 46
RUSSIA 5.875 43 112.26188118811882 0.5712947131298111 101
SOAF 5.650 47 95.19974226804123 0.9294164201410723 97
MUBAUH 4.500 28 107.03138888888888 0.3605383277856437 54
KZOKZ 6.375 48 109.2324107142857 0.472402664834085 28
KSA 2.375 21 98.40338709677418 0.16567986569895096 62
EXIMUK 9.625 22 101.2445652173913 0.3681037278300018 46
IHSHLD 9.500 21 103.8295744680851 0.5428684941137336 47
TURKEY 6.000 27 92.09670000000001 1.4717604345363637 150
KOS 7.875 21 101.0 0.5 92
OCPMR 6.875 44 109.25613636363634 0.44255268086901617 33
MOROC 4.250 22 102.1589393939394 0.28484248059435907 33
LEBAN 5.500 19 99.84872881355933 0.32070511987734396 59
TURKEY 4.250 26 84.69728476821193 1.4671833779737382 151
KAZAKS 4.875 44 106.27583333333332 0.4882961210698399 27
RAILUA 9.875 21 100.7554347826087 0.3105444484165576 46
FBNNL 8.000 21 100.2595744680851 0.269483015268744 47
SOAF 5.875 22 105.40340206185569 0.3920508766635481 97
MOZAM 10.500 23 87.93035714285715 0.5833384960898845 56
PETKM 5.875 23 92.3125 1.3272975363497064 4
ECOTRA 8.750 21 100.0 1.0 47
MOROC 4.500 20 106.40757812499999 0.25521588929078026 32
OMAN 4.750 26 91.96119402985074 0.44184069658462577 67
KSA 4.375 29 104.38752 0.48840418671424096 62
QATAR 5.103 48 109.6686111111111 0.9811901865075724 54
LEBAN 6.650 30 77.91241379310345 1.0781694421641927 58
SHARSK 28.000 101.38 101.88 0.0 1
AFREXI 4.125 24 98.9945652173913 0.3648329368815925 46
KCHOL 6.500 25 97.03 1.2620221868097263 4
DTEKUA 10.750 24 100.03917525773196 0.5494245726551596 48
EGYPT 6.375 31 100.29568181818182 0.24889891821300378 11
NGERIA 7.696 38 99.60127659574468 1.0074905459062824 47
OMAN 3.875 22 96.93417910447761 0.3305299871406499 67
FIDBAN 10.500 22 103.875 0.5763785509910595 47
UZBEK 5.375 29 99.74660714285713 0.5476468387099299 28
QATAR 4.625 46 105.23981481481484 1.0585813195739342 54
KUWIB 3.500 27 101.94081081081083 0.39393632616492136 55
REPNAM 5.250 25 96.29833333333337 0.41238575044302805 46
JORDAN 6.125 26 101.40482142857142 0.6428993785728744 56
GHANA 10.750 30 122.16847826086956 0.9588930832890515 46
TURKEY 4.875 26 86.85241721854305 1.457151279867246 151
LEBAN 6.850 27 81.71620689655174 1.011630346121457 58
SECO 4.000 24 101.92934426229507 0.4302510470070756 61
EXIMUK 9.750 25 101.35054347826087 0.47571425504967463 46
DAMACR 6.250 22 96.625 0.45069390943299864 4
SOAF 5.500 20 101.75123711340206 0.26952328182800533 97
LEBAN 6.250 25 82.84017241379311 0.9016297339651322 58
TAQAUH 3.875 24 101.11446428571428 0.2914797202138058 56
PKSTAN 6.750 19 100.95 0.3529636430757895 15
TURKEY 3.250 23 89.13933333333334 1.2128130752739905 150
ARMEN 6.000 20 102.55669642857143 0.35425005895971096 28
ESKOM 5.750 21 99.12920212765954 0.4194270428224587 94
GHANA 9.250 22 110.77673913043479 0.5149295196509315 46
KZOKZ 4.750 25 103.29642857142858 0.2979479135414001 28
GEBGG 6.000 23 100.55836538461539 0.7907279515845888 26
RUSSIA 2.875 25 103.4113596491228 0.2882743462791712 114
TURKEY 5.125 22 96.88271523178807 1.1529819868295532 151
MAZOON 5.200 27 91.55462962962964 0.45712654444978723 27
SENEGL 6.250 24 104.14939393939395 0.418043345541043 49
SAFTRA 4.000 22 98.41648936170212 0.45331804496051903 94
KZOKZ 4.400 23 102.27089285714285 0.28365614738443284 28
EXIMUK 7.000 23 94.61486486486487 0.5152885395929087 37
RUSSIA 3.625 20 105.38985148514851 0.3830640896184601 101
REPCAM 9.500 25 106.92122641509435 0.593871933386742 53
NGERIA 7.625 25 107.22191489361707 0.6389278362936973 47
TURKEY 5.625 21 99.39062913907286 0.9655904079743676 151
TCELLT 5.750 25 92.6875 1.3154728237405742 4
RUSSIA 5.625 42 108.58663366336634 0.5667263597077253 101
ACKAF 3.875 21 100.78 0.7811529939774935 4
AZERBJ 4.750 24 103.7475 0.39671305751134606 27
NGERIA 8.747 31 110.90536458333334 0.9284457904632833 48
MUBAUH 6.875 41 140.00446428571428 0.7450908852589186 56
AGTPW 6.000 19 45.0 10.0 9
ADGB 3.125 26 100.12642857142858 0.320286861218795 56
KCHOL 5.250 23 95.3125 1.0514127400787951 4
TNZNIA 0.000 20 102.25 0.5 42
DUGB 5.000 29 106.55107142857143 0.41305991683768944 56
RUSSIA 5.100 35 101.73813186813187 0.3826696624020302 91
BTUN 5.625 24 93.59738095238096 0.8038599129432866 42
KSA 4.500 46 98.20467741935485 0.813701652826571 62
TURKTI 3.750 19 99.4075 0.6003072130168035 8
TURKEY 5.125 28 86.11572847682119 1.5287609034067746 151
IVYCST 5.750 32 95.09375 0.8046495743489833 8
SOAF 5.875 30 102.46082474226804 0.6783898008240148 97
LEBAN 7.000 32 79.19718487394958 1.1210045087682592 59
LEBAN 6.250 22 87.98620689655174 0.7859933920627008 58
SECO 5.500 44 106.69180327868854 1.0267895345132665 61
OSCHAD 0.000 24 96.0 2.5 9
ALHILA 4.375 23 102.8034 0.2882402470162699 50
ACCESS 10.500 21 108.53191489361703 0.26355296046462756 47
QATAR 4.500 22 103.94527777777778 0.20125282760071853 54
SECO 3.473 23 100.26229508196721 0.30967933411161447 61
CCOLAT 4.215 24 94.25 1.1858541225631423 4
SENEGL 4.750 28 99.20720430107525 0.6527120684364398 46
KWIPKK 9.375 20 107.26363636363637 0.3744759423580658 55
EGYPT 8.700 49 104.67367647058825 0.7439976071509686 68
ESKOM 6.350 28 103.38563829787235 0.7040680553883826 94
GHANA 8.950 51 100.53602836879432 1.2689468350239095 70
KUWIB 2.750 22 99.97309090909089 0.174594311344096 55
SOAF 4.875 26 99.41896907216494 0.40688148819431785 97
ESKOM 8.450 28 105.42021276595744 1.076147066121604 94
PUMAFN 5.000 26 87.2548076923077 0.47406381582998924 52
GHANA 8.125 26 102.9011 0.635316684811599 50
QATAR 3.875 23 102.92018348623851 0.18656224409015867 54
AFREXI 5.250 23 104.46739130434783 0.3816749970886835 46
EAPART 6.750 21 50.75 1.5612494995995996 56
FXPOLN 10.375 19 100.125 0.25 9
TURKSK 4.489 24 90.09453642384106 1.2853036916616747 151
SOAF 4.300 28 93.5506701030928 0.6159370235188227 97
KSA 3.250 26 97.50580645161291 0.36780977020078004 62
ANGOL 7.000 19 100.62999999999995 0.25 46
LEBAN 6.250 24 82.89999999999998 0.8584669575710987 58
RUSSIA 5.250 47 100.80826732673268 0.5361149830689979 101
QATAR 3.250 26 99.34120370370373 0.28365249211416943 54
QTELQD 4.500 43 99.22448598130842 4.835058540589243 53
EGYPT 7.600 29 103.15496323529412 0.4832071533619106 68
GHANA 7.875 27 101.38983606557375 0.7062829665673728 61
OMANGS 5.932 25 100.4615671641791 0.34162278332392854 67
BTUN 6.750 23 97.89722619047618 0.6862800926039847 42
KERPW 8.750 22 102.74728260869566 0.3749901542500803 46
OMAN 6.500 47 88.18854477611939 0.7824754596854936 67
MOROC 5.500 42 107.15689393939394 0.7273128027152915 33
TAQAUH 5.875 21 106.87071428571427 0.26334969379987866 56
NGERIA 7.875 32 104.46351063829788 0.8762659018459462 47
IVYCST 6.625 48 95.6454081632653 0.8589500809511658 49
GABON 6.950 25 96.76891304347826 0.7702264722310702 46
OMANGS 4.397 24 94.94279850746268 0.3813587800251225 67
OMGRID 3.958 25 87.11805555555556 0.4353100392213726 27
SEPLLN 9.250 23 103.30288461538461 0.5467045909477198 52
ETHOPI 6.625 24 101.7663679245283 0.750106763790577 53
UKRLAN 10.875 18 16.0 1.0 9
QATAR 5.250 20 101.9174074074074 0.19450016838215323 54
TURKSK 4.251 21 97.10009933774836 0.6194980263903577 151
TURKEY 6.250 22 99.16109271523177 1.2968590933328792 151
ERESQD 4.875 22 87.12264150943396 0.8113618901375224 53
SENEGL 8.750 21 108.52608108108105 0.28853966377259466 55
KWIPKK 5.000 23 102.83863636363637 0.5104997146695439 55
KSA 5.250 50 107.19725806451612 1.0950249214351218 62
BELRUS 7.625 27 108.09965517241379 0.4927245349085354 29
QATAR 9.750 30 154.49592592592595 0.8551056216296681 54
KSA 4.000 25 102.62137096774194 0.3482614300683568 62
SISETI 6.950 26 96.75 0.5590169943749475 2
RUSSIA 4.250 27 99.94069306930692 0.3064771321423873 101
BELRUS 6.200 30 98.41655172413793 0.6502540663255307 29
ESKOM 7.125 25 99.5893085106383 0.7404412503681282 94
PKSTAN 8.250 25 107.73333333333333 0.6905110828622198 15
GHANA 8.627 49 97.96927884615386 1.0519835701474654 52
QTELQD 5.000 25 106.9609433962264 0.4487036427979657 53
KOS 7.125 26 99.59100000000001 0.5104297209215 50
TAQAUH 6.250 19 101.55560000000001 0.25755900294883904 50
EGYPT 5.577 23 99.67875 0.31346424765644804 68
GHANA 7.625 29 98.1222429906542 0.7791488987196878 53
KAZAKS 3.875 24 103.01287037037036 0.3070749122196044 27
PRBANK 11.000 21 22.5 1.5 9
PKSTAN 5.500 21 100.3 0.3155682704793581 15
TURKEY 5.125 20 102.78350993377484 0.7682444929153077 151
TURKEY 5.750 47 79.13741721854305 1.6590404405994994 151
PKSTAN 6.875 27 99.46666666666667 0.6199238304465764 15
PRBANK 10.250 18 22.0 1.0 9
QATAR 6.550 19 100.14858695652173 0.13479921882223547 46
PKSTAN 5.625 22 99.825 0.45253913274618207 15
EGYPT 4.750 25 100.28499999999998 0.20351457396997838 11
TCELLT 5.800 28 87.1875 2.1240806834958037 4
GABON 6.375 24 96.18337606837606 0.7389030414921991 58
TURKTI 6.875 25 97.125 1.7721808598447282 4
EGYPT 5.875 25 99.55455223880597 0.4782787323084413 67
SHARSK 3.854 26 100.12529411764706 0.18161425336195838 34
QTELQD 3.875 28 100.24764150943396 0.5807697427776554 53
LEBAN 6.100 22 87.87398305084743 0.8352611890600532 59
ADGB 3.125 27 99.20035714285714 0.3588272778177855 56
EXIMUK 16.500 21 91.325 0.8066132902450839 5
MUMTAK 5.625 24 100.3414814814815 0.2903217079405346 54
KAZAKS 2.375 28 103.2415625 0.5254097173575598 24
NGERIA 7.143 30 100.52106382978722 0.6938770479183516 47
TURKEY 4.875 43 73.6901986754967 1.2863560475458764 151
TURKEY 7.250 38 93.9423178807947 1.8021372314389812 151
DPWDU 5.625 48 104.08628318584071 0.7837387079146056 56
MUBAUH 3.000 24 98.33714285714284 0.2655904089121492 56
EGYPT 6.125 22 101.59253676470588 0.30267010064561606 68
LEBAN 6.650 28 79.69706896551725 0.9774950544379524 58
RUSSIA 4.875 23 104.91871287128714 0.30229866343326395 101
TAQAUH 4.375 26 102.78696428571428 0.3811773098987298 56
LIQTEL 8.500 22 103.59063829787235 0.7549507642261271 47
LEBAN 6.000 23 86.52478991596642 0.8731512028804576 59
EGYPT 4.750 26 99.08138059701491 0.5036358076901437 67
DPWDU 3.908 23 101.06017857142858 0.2924923141324066 56
GHANA 8.125 32 99.89744680851064 0.9127086601070988 70
GEBGG 11.125 PERP 102.96249999999996 0.5027586399058701 15
QTELQD 3.750 26 99.72830188679244 0.46427356870730163 53
SILNET 11.000 24 100.84352941176472 0.5840446314177444 17
ADGB 4.125 47 100.8532142857143 0.5689938084739 56
MUMTAK 4.000 21 97.50462962962963 0.3950584249476078 54
QATAR 4.817 49 105.18879629629629 0.8196405237263654 54
EGYPT 7.903 48 97.7241911764706 0.7483219513440198 68
SHARSK 4.226 28 102.01964285714287 0.34783752511416943 56
EQPTRC 3.000 22 98.91618181818184 0.3457954776984432 55
MRIYA 9.450 18 4.5 2.5 9
GLYHO 8.125 21 97.25 0.75 4
QTELQD 4.750 21 102.74811320754716 0.255428287050516 53
TURKEY 6.000 41 82.19476821192053 1.5502966323452556 151
UBANL 7.750 22 102.70108695652173 0.42805794132829184 46
TURKEY 4.625 25 97.88645695364238 1.5554496261652895 151
REPCON 6.000 29 83.64864864864865 1.1421384136047203 55
LEBAN 6.750 27 80.64120689655168 0.9612313898224631 58
